ID
#99 00 9 -000.141 +000.600 +000.000 -007.272 +003.004 +003.200 +002.800 05:6C
#zz_00_J_+LLL.LLL_+AAA.AAA_+BBB.BBB_+DDD.DDD_+PPP.PPP_+EEE.EEE_+FFF.FFF_CC:GG
I
#99 00 D +999.999 +000.700 -000.100 -000.3 +000.962 +001.500 +001.000 0:D1
T
#99 00 D +00999:F7<\r> 
P
21-10-07 10:45:32 00 00000076  +.958 bar    +999.  + 0.0  +999. mL/min  TP <>!
M
#99 00 08 D +999.999 +000.955 -003.793 +000.130 000.2 002.5 002.5 002.5 002.5 000.5 000.5 000.0 001.0 002.0 000.2 000.0 000.0 06 04 01 +000.231 -000.231 +000.700 +000.700 -000.100 -000.154 +001.500 +001.000 01 00 05 00 +000.000 +000.000 +000.077 -000.077 +000.770 -000.770 00 01 +000.000 +001.000 211007 104635:EA
L
#99 00 D +00999 +00999:A1
K
#99,00,4,+012.132,+000.700,-000.100,+000.000,+000.960,+001.500,+001.000,30,+000.000,+000.130,10,0080,2021-10-07,10:47:54,:ED	//USED
#zz,MM,J,+LLL.LLL,+AAA.AAA,+BBB.BBB,+SSS.SSS,+PPP.PPP,+EEE.EEE,+FFF.FFF,CC,+KKK.KKK,+GGG.GGG,XX,RRRR,YYYY-MM-DD,HH:MM:SS,:GG

DT
0001,+999 ,-3.78,+.000,-0003.72,+.962,END ,00,TP <>! ,21-10-07,10:48:30
D
0001,-6.58,-3.39,+.000,-0003.39,+.000,DL1 ,05
0002,-3.29,-3.39,+.000,-0003.39,+.000,DL1 ,05
0001,-269 ,-139 ,+.000,-0139.15,+.000,PCHK,05
0002,-999 ,-954 ,+.000,-0954.76,+.000,PCHK,05
0001,-999 ,-999 ,+.000,-1349.52,+1.43,CHG ,05
0002,-652 ,-672 ,+.000,-0672.30,+2.93,CHG ,05
0003,-104 ,-161 ,+.000,-0161.34,+2.99,CHG ,05
0004,-11.6,-23.9,+.000,-0023.97,+3.01,CHG ,05
0005,-2.06,-5.33,+.000,-0005.33,+3.00,CHG ,05
0006,-1.67,-5.18,+.000,-0005.18,+3.00,CHG ,05
0007,-1.43,-5.16,+.000,-0005.16,+3.00,CHG ,05
0008,-1.23,-5.09,+.000,-0005.09,+3.00,CHG ,05
0009,-1.05,-4.90,+.000,-0004.90,+3.00,CHG ,05
0010,-.945,-4.87,+.000,-0004.87,+3.00,CHG ,05
0011,-.858,-4.86,+.000,-0004.86,+3.00,CHG ,05
0012,-.783,-4.84,+.000,-0004.84,+3.00,CHG ,05
0013,-.723,-4.84,+.000,-0004.84,+3.00,CHG ,05
0014,-.668,-4.82,+.000,-0004.82,+3.00,CHG ,05
0015,-.618,-4.78,+.000,-0004.78,+3.00,CHG ,05
0016,-.579,-4.77,+.000,-0004.77,+3.00,CHG ,05
0017,-.547,-4.79,+.000,-0004.79,+3.00,CHG ,05
0018,-.518,-4.80,+.000,-0004.80,+3.00,CHG ,05
0019,-.491,-4.81,+.000,-0004.81,+3.00,CHG ,05
0020,-.463,-4.77,+.000,-0004.77,+3.00,CHG ,05
0021,-.439,-4.76,+.000,-0004.76,+3.00,CHG ,05
0022,-.422,-4.78,+.000,-0004.78,+3.00,CHG ,05
0023,-.404,-4.79,+.000,-0004.79,+3.00,CHG ,05
0024,-.386,-4.78,+.000,-0004.78,+3.00,CHG ,05
0025,-.370,-4.77,+.000,-0004.77,+3.00,CHG ,05
0026,-.356,-4.77,+.000,-0004.77,+3.00,CHG ,05
0027,-.342,-4.76,+.000,-0004.76,+3.00,CHG ,05
0028,-.329,-4.75,+.000,-0004.75,+3.00,CHG ,05
0029,-.318,-4.76,+.000,-0004.76,+3.00,CHG ,05
0030,-.307,-4.75,+.000,-0004.75,+3.00,CHG ,05
0031,-.296,-4.73,+.000,-0004.73,+3.00,CHG ,05
0032,-.287,-4.73,+.000,-0004.73,+3.00,CHG ,05
0033,-.277,-4.72,+.000,-0004.72,+3.00,CHG ,05
0034,-.269,-4.71,+.000,-0004.71,+3.00,CHG ,05
0035,-.261,-4.71,+.000,-0004.71,+3.00,CHG ,05
0036,-.254,-4.71,+.000,-0004.71,+3.00,CHG ,05
0037,-.248,-4.74,+.000,-0004.74,+3.00,CHG ,05
0038,-.242,-4.75,+.000,-0004.75,+3.00,CHG ,05
0039,-.236,-4.75,+.000,-0004.75,+3.00,CHG ,05
0040,-.229,-4.74,+.000,-0004.74,+3.00,CHG ,05
0041,-.222,-4.71,+.000,-0004.71,+3.00,CHG ,05
0042,-.217,-4.71,+.000,-0004.71,+3.00,CHG ,05
0043,-.212,-4.71,+.000,-0004.71,+3.00,CHG ,05
0044,-.207,-4.69,+.000,-0004.69,+3.00,CHG ,05
0045,-.203,-4.71,+.000,-0004.71,+3.00,CHG ,05
0046,-.199,-4.72,+.000,-0004.72,+3.00,CHG ,05
0047,-.194,-4.71,+.000,-0004.71,+3.00,CHG ,05
0048,-.190,-4.71,+.000,-0004.71,+3.00,CHG ,05
0049,-.187,-4.72,+.000,-0004.72,+3.00,CHG ,05
0050,-.183,-4.73,+.000,-0004.73,+3.00,CHG ,05
0051,-.179,-4.72,+.000,-0004.72,+3.00,CHG ,05
0052,-.175,-4.70,+.000,-0004.70,+3.00,CHG ,05
0053,-.171,-4.69,+.000,-0004.69,+3.00,CHG ,05
0054,-.168,-4.69,+.000,-0004.69,+3.00,CHG ,05
0055,-.165,-4.70,+.000,-0004.70,+3.00,CHG ,05
0056,-.163,-4.72,+.000,-0004.72,+3.00,CHG ,05
0057,-.160,-4.72,+.000,-0004.72,+3.00,CHG ,05
0058,-.158,-4.73,+.000,-0004.73,+3.00,CHG ,05
0059,-.155,-4.73,+.000,-0004.73,+3.00,CHG ,05
0060,-.152,-4.71,+.000,-0004.71,+3.00,CHG ,05
0061,-.149,-4.69,+.000,-0004.69,+3.00,CHG ,05
0062,-.146,-4.69,+.000,-0004.69,+3.00,CHG ,05
0063,-.144,-4.68,+.000,-0004.68,+3.00,CHG ,05
0064,-.141,-4.67,+.000,-0004.67,+3.00,CHG ,05
0065,-.140,-4.69,+.000,-0004.69,+3.00,CHG ,05
0066,-.137,-4.67,+.000,-0004.67,+3.00,CHG ,05
0067,-.136,-4.70,+.000,-0004.70,+3.00,CHG ,05
0068,-.135,-4.73,+.000,-0004.73,+3.00,CHG ,05
0069,-.132,-4.70,+.000,-0004.70,+3.00,CHG ,05
0070,-.130,-4.71,+.000,-0004.71,+3.00,CHG ,05
0071,-.128,-4.71,+.000,-0004.71,+3.00,CHG ,05
0072,-.126,-4.70,+.000,-0004.70,+3.00,CHG ,05
0073,-.124,-4.69,+.000,-0004.69,+3.00,CHG ,05
0074,-.123,-4.72,+.000,-0004.72,+3.00,CHG ,05
0075,-.122,-4.72,+.000,-0004.72,+3.00,CHG ,05
0076,-.120,-4.72,+.000,-0004.72,+3.00,CHG ,05
0077,-.118,-4.70,+.000,-0004.70,+3.00,CHG ,05
0078,-.116,-4.69,+.000,-0004.69,+3.00,CHG ,05
0079,-.116,-4.74,+.000,-0004.74,+3.00,CHG ,05
0080,-.114,-4.74,+.000,-0004.74,+3.00,CHG ,05
0081,-.113,-4.72,+.000,-0004.72,+3.00,CHG ,05
0082,-.111,-4.72,+.000,-0004.72,+3.00,CHG ,05
0083,-.110,-4.72,+.000,-0004.72,+3.00,CHG ,05
0084,-.108,-4.71,+.000,-0004.71,+3.00,CHG ,05
0085,-.107,-4.71,+.000,-0004.71,+3.00,CHG ,05
0086,-.106,-4.74,+.000,-0004.74,+3.00,CHG ,05
0087,-.105,-4.72,+.000,-0004.72,+3.00,CHG ,05
0088,-.104,-4.72,+.000,-0004.72,+3.00,CHG ,05
0089,-.102,-4.71,+.000,-0004.71,+3.00,CHG ,05
0090,-.101,-4.68,+.000,-0004.68,+3.00,CHG ,05
0091,-.100,-4.71,+.000,-0004.71,+3.00,CHG ,05
0092,-.099,-4.71,+.000,-0004.71,+3.00,CHG ,05
0093,-.098,-4.72,+.000,-0004.72,+3.00,CHG ,05
0094,-.097,-4.74,+.000,-0004.74,+3.00,CHG ,05
0095,-.096,-4.71,+.000,-0004.71,+3.00,CHG ,05
0096,-.094,-4.68,+.000,-0004.68,+3.00,CHG ,05
0097,-.093,-4.69,+.000,-0004.69,+3.00,CHG ,05
0098,-.094,-4.75,+.000,-0004.75,+3.00,CHG ,05
0099,-.093,-4.77,+.000,-0004.77,+3.00,CHG ,05
0100,-.092,-4.74,+.000,-0004.74,+3.00,CHG ,05
0101,-.090,-4.72,+.000,-0004.72,+3.00,CHG ,05
0102,-.090,-4.73,+.000,-0004.73,+3.00,CHG ,05
0103,-.089,-4.73,+.000,-0004.73,+3.00,CHG ,05
0104,-.088,-4.73,+.000,-0004.73,+3.00,CHG ,05
0105,-.087,-4.76,+.000,-0004.76,+3.00,CHG ,05
0106,-.087,-4.75,+.000,-0004.75,+3.00,CHG ,05
0107,-.085,-4.74,+.000,-0004.74,+3.00,CHG ,05
0108,-.085,-4.74,+.000,-0004.74,+3.00,CHG ,05
0109,-.083,-4.71,+.000,-0004.71,+3.00,CHG ,05
0110,-.083,-4.71,+.000,-0004.71,+3.00,CHG ,05
0111,-.082,-4.71,+.000,-0004.71,+3.00,CHG ,05
0112,-.081,-4.70,+.000,-0004.70,+3.00,CHG ,05
0113,-.080,-4.70,+.000,-0004.70,+3.01,CHG ,05
0114,-.080,-4.70,+.000,-0004.70,+3.01,CHG ,05
0115,-.079,-4.71,+.000,-0004.71,+3.01,CHG ,05
0116,-.079,-4.72,+.000,-0004.72,+3.01,CHG ,05
0117,-.078,-4.73,+.000,-0004.73,+3.01,CHG ,05
0118,-.078,-4.74,+.000,-0004.74,+3.01,CHG ,05
0119,-.077,-4.73,+.000,-0004.73,+3.01,CHG ,05
0120,-.076,-4.74,+.000,-0004.74,+3.01,CHG ,05
0121,-.076,-4.75,+.000,-0004.75,+3.01,CHG ,05
0122,-.075,-4.72,+.000,-0004.72,+3.01,CHG ,05
0123,-.074,-4.71,+.000,-0004.71,+3.01,CHG ,05
0124,-.073,-4.72,+.000,-0004.72,+3.01,CHG ,05
0125,-.073,-4.72,+.000,-0004.72,+3.01,CHG ,05
0126,-.072,-4.73,+.000,-0004.73,+3.01,CHG ,05
0127,-.072,-4.72,+.000,-0004.72,+3.01,CHG ,05
0128,-.071,-4.73,+.000,-0004.73,+3.01,CHG ,05
0129,-.071,-4.74,+.000,-0004.74,+3.01,CHG ,05
0130,-.070,-4.71,+.000,-0004.71,+3.01,CHG ,05
0131,-.070,-4.73,+.000,-0004.73,+3.01,CHG ,05
0132,-.069,-4.74,+.000,-0004.74,+3.01,CHG ,05
0133,-.069,-4.74,+.000,-0004.74,+3.01,CHG ,05
0134,-.068,-4.73,+.000,-0004.73,+3.01,CHG ,05
0135,-.067,-4.73,+.000,-0004.73,+3.01,CHG ,05
0136,-.067,-4.74,+.000,-0004.74,+3.01,CHG ,05
0137,-.067,-4.73,+.000,-0004.73,+3.01,CHG ,05
0138,-.066,-4.73,+.000,-0004.73,+3.01,CHG ,05
0139,-.066,-4.73,+.000,-0004.73,+3.01,CHG ,05
0140,-.065,-4.71,+.000,-0004.71,+3.01,CHG ,05
0141,-.064,-4.72,+.000,-0004.72,+3.01,CHG ,05
0142,-.064,-4.72,+.000,-0004.72,+3.01,CHG ,05
0143,-.064,-4.74,+.000,-0004.74,+3.01,CHG ,05
0144,-.063,-4.74,+.000,-0004.74,+3.01,CHG ,05
0145,-.063,-4.73,+.000,-0004.73,+3.01,CHG ,05
0146,-.062,-4.73,+.000,-0004.73,+3.01,CHG ,05
0147,-.062,-4.74,+.000,-0004.74,+3.01,CHG ,05
0148,-.062,-4.76,+.000,-0004.76,+3.01,CHG ,05
0149,-.061,-4.75,+.000,-0004.75,+3.01,CHG ,05
0150,-.061,-4.75,+.000,-0004.75,+3.01,CHG ,05
0151,-.061,-4.78,+.000,-0004.78,+3.01,CHG ,05
0152,-.061,-4.78,+.000,-0004.78,+3.01,CHG ,05
0153,-.060,-4.79,+.000,-0004.79,+3.01,CHG ,05
0154,-.059,-4.76,+.000,-0004.76,+3.01,CHG ,05
0155,-.059,-4.73,+.000,-0004.73,+3.01,CHG ,05
0156,-.058,-4.72,+.000,-0004.72,+3.01,CHG ,05
0157,-.058,-4.72,+.000,-0004.72,+3.01,CHG ,05
0158,-.057,-4.70,+.000,-0004.70,+3.01,CHG ,05
0159,-.057,-4.71,+.000,-0004.71,+3.01,CHG ,05
0160,-.057,-4.74,+.000,-0004.74,+3.01,CHG ,05
0161,-.056,-4.72,+.000,-0004.72,+3.01,CHG ,05
0162,-.056,-4.71,+.000,-0004.71,+3.01,CHG ,05
0163,-.056,-4.71,+.000,-0004.71,+3.01,CHG ,05
0164,-.055,-4.69,+.000,-0004.69,+3.01,CHG ,05
0165,-.055,-4.70,+.000,-0004.70,+3.01,CHG ,05
0166,-.054,-4.70,+.000,-0004.70,+3.01,CHG ,05
0167,-.054,-4.70,+.000,-0004.70,+3.01,CHG ,05
0168,-.054,-4.72,+.000,-0004.72,+3.01,CHG ,05
0169,-.054,-4.72,+.000,-0004.72,+3.01,CHG ,05
0170,-.054,-4.76,+.000,-0004.76,+3.01,CHG ,05
0171,-.053,-4.75,+.000,-0004.75,+3.01,CHG ,05
0172,-.053,-4.71,+.000,-0004.71,+3.01,CHG ,05
0173,-.053,-4.74,+.000,-0004.74,+3.01,CHG ,05
0174,-.052,-4.74,+.000,-0004.74,+3.01,CHG ,05
0175,-.052,-4.70,+.000,-0004.70,+3.01,CHG ,05
0176,-.052,-4.71,+.000,-0004.71,+3.01,CHG ,05
0177,-.051,-4.73,+.000,-0004.73,+3.01,CHG ,05
0178,-.051,-4.72,+.000,-0004.72,+3.01,CHG ,05
0179,-.051,-4.74,+.000,-0004.74,+3.01,CHG ,05
0180,-.051,-4.73,+.000,-0004.73,+3.01,CHG ,05
0181,-.050,-4.75,+.000,-0004.75,+3.01,CHG ,05
0182,-.050,-4.75,+.000,-0004.75,+3.01,CHG ,05
0183,-.050,-4.72,+.000,-0004.72,+3.01,CHG ,05
0184,-.049,-4.73,+.000,-0004.73,+3.01,CHG ,05
0185,-.049,-4.73,+.000,-0004.73,+3.01,CHG ,05
0186,-.049,-4.73,+.000,-0004.73,+3.01,CHG ,05
0187,-.049,-4.72,+.000,-0004.72,+3.01,CHG ,05
0188,-.048,-4.72,+.000,-0004.72,+3.01,CHG ,05
0189,-.048,-4.70,+.000,-0004.70,+3.01,CHG ,05
0190,-.048,-4.72,+.000,-0004.72,+3.01,CHG ,05
0191,-.048,-4.75,+.000,-0004.75,+3.01,CHG ,05
0192,-.047,-4.74,+.000,-0004.74,+3.01,CHG ,05
0193,-.047,-4.73,+.000,-0004.73,+3.01,CHG ,05
0194,-.047,-4.72,+.000,-0004.72,+3.01,CHG ,05
0195,-.046,-4.71,+.000,-0004.71,+3.01,CHG ,05
0196,-.046,-4.72,+.000,-0004.72,+3.01,CHG ,05
0197,-.046,-4.71,+.000,-0004.71,+3.01,CHG ,05
0198,-.045,-4.68,+.000,-0004.68,+3.01,CHG ,05
0199,-.045,-4.71,+.000,-0004.71,+3.01,CHG ,05
0200,-.045,-4.73,+.000,-0004.73,+3.01,CHG ,05
0201,-.045,-4.74,+.000,-0004.74,+3.01,CHG ,05
0202,-.045,-4.75,+.000,-0004.75,+3.01,CHG ,05
0203,-.045,-4.72,+.000,-0004.72,+3.01,CHG ,05
0204,-.044,-4.68,+.000,-0004.68,+3.00,CHG ,05
0205,-.044,-4.69,+.000,-0004.69,+3.01,CHG ,05
0206,-.044,-4.72,+.000,-0004.72,+3.01,CHG ,05
0207,-.044,-4.72,+.000,-0004.72,+3.01,CHG ,05
0208,-.043,-4.70,+.000,-0004.70,+3.01,CHG ,05
0209,-.043,-4.70,+.000,-0004.70,+3.01,CHG ,05
0210,-.043,-4.69,+.000,-0004.69,+3.01,CHG ,05
0211,-.043,-4.70,+.000,-0004.70,+3.01,CHG ,05
0212,-.043,-4.73,+.000,-0004.73,+3.01,CHG ,05
0213,-.043,-4.75,+.000,-0004.75,+3.01,CHG ,05
0214,-.043,-4.74,+.000,-0004.74,+3.01,CHG ,05
0215,-.042,-4.75,+.000,-0004.75,+3.00,CHG ,05
0216,-.042,-4.76,+.000,-0004.76,+3.01,CHG ,05
0217,-.042,-4.75,+.000,-0004.75,+3.01,CHG ,05
0218,-.042,-4.73,+.000,-0004.73,+3.01,CHG ,05
0219,-.041,-4.72,+.000,-0004.72,+3.01,CHG ,05
0220,-.041,-4.73,+.000,-0004.73,+3.00,CHG ,05
0221,-.041,-4.74,+.000,-0004.74,+3.01,CHG ,05
0222,-.041,-4.74,+.000,-0004.74,+3.01,CHG ,05
0223,-.041,-4.72,+.000,-0004.72,+3.01,CHG ,05
0224,-.040,-4.72,+.000,-0004.72,+3.01,CHG ,05
0225,-.040,-4.75,+.000,-0004.75,+3.01,CHG ,05
0226,-.040,-4.77,+.000,-0004.77,+3.01,CHG ,05
0227,-.040,-4.73,+.000,-0004.73,+3.01,CHG ,05
0228,-.040,-4.73,+.000,-0004.73,+3.01,CHG ,05
0229,-.040,-4.73,+.000,-0004.73,+3.01,CHG ,05
0230,-.039,-4.73,+.000,-0004.73,+3.01,CHG ,05
0231,-.039,-4.74,+.000,-0004.74,+3.01,CHG ,05
0232,-.039,-4.76,+.000,-0004.76,+3.01,CHG ,05
0233,-.039,-4.77,+.000,-0004.77,+3.01,CHG ,05
0234,-.039,-4.77,+.000,-0004.77,+3.01,CHG ,05
0235,-.039,-4.74,+.000,-0004.74,+3.01,CHG ,05
0236,-.038,-4.72,+.000,-0004.72,+3.01,CHG ,05
0237,-.038,-4.72,+.000,-0004.72,+3.01,CHG ,05
0238,-.038,-4.72,+.000,-0004.72,+3.01,CHG ,05
0239,-.038,-4.70,+.000,-0004.70,+3.01,CHG ,05
0240,-.038,-4.70,+.000,-0004.70,+3.01,CHG ,05
0241,-.038,-4.72,+.000,-0004.72,+3.01,CHG ,05
0242,-.037,-4.74,+.000,-0004.74,+3.01,CHG ,05
0243,-.037,-4.72,+.000,-0004.72,+3.01,CHG ,05
0244,-.037,-4.72,+.000,-0004.72,+3.01,CHG ,05
0245,-.037,-4.73,+.000,-0004.73,+3.01,CHG ,05
0246,-.037,-4.72,+.000,-0004.72,+3.01,CHG ,05
0247,-.037,-4.71,+.000,-0004.71,+3.01,CHG ,05
0248,-.036,-4.71,+.000,-0004.71,+3.01,CHG ,05
0249,-.037,-4.75,+.000,-0004.75,+3.01,CHG ,05
0250,-.036,-4.75,+.000,-0004.75,+3.01,CHG ,05
0001,-9.24,-4.76,+.000,-0004.76,+3.01,BAL1,05
0002,-4.63,-4.77,+.000,-0004.77,+3.01,BAL1,05
0003,-3.07,-4.75,+.000,-0004.75,+3.01,BAL1,05
0004,-2.29,-4.72,+.000,-0004.72,+3.01,BAL1,05
0005,-1.82,-4.70,+.000,-0004.70,+3.01,BAL1,05
0006,-1.52,-4.70,+.000,-0004.70,+3.01,BAL1,05
0007,-1.30,-4.69,+.000,-0004.69,+3.01,BAL1,05
0008,-1.14,-4.71,+.000,-0004.71,+3.01,BAL1,05
0009,-1.01,-4.72,+.000,-0004.72,+3.01,BAL1,05
0010,-.911,-4.70,+.000,-0004.70,+3.01,BAL1,05
0011,-.833,-4.72,+.000,-0004.72,+3.01,BAL1,05
0012,-.765,-4.73,+.000,-0004.73,+3.01,BAL1,05
0013,-.703,-4.71,+.000,-0004.71,+3.01,BAL1,05
0014,-.650,-4.69,+.000,-0004.69,+3.01,BAL1,05
0015,-.606,-4.69,+.000,-0004.69,+3.01,BAL1,05
0016,-.569,-4.69,+.000,-0004.69,+3.01,BAL1,05
0017,-.535,-4.69,+.000,-0004.69,+3.01,BAL1,05
0018,-.508,-4.71,+.000,-0004.71,+3.01,BAL1,05
0019,-.484,-4.74,+.000,-0004.74,+3.01,BAL1,05
0020,-.456,-4.70,+.000,-0004.70,+3.01,BAL1,05
0021,-.433,-4.69,+.000,-0004.69,+3.01,BAL1,05
0022,-.415,-4.71,+.000,-0004.71,+3.01,BAL1,05
0023,-.396,-4.70,+.000,-0004.70,+3.01,BAL1,05
0024,-.378,-4.68,+.000,-0004.68,+3.01,BAL1,05
0025,-.363,-4.68,+.000,-0004.68,+3.01,BAL1,05
0026,-.350,-4.69,+.000,-0004.69,+3.01,BAL1,05
0027,-.337,-4.69,+.000,-0004.69,+3.01,BAL1,05
0028,-.325,-4.69,+.000,-0004.69,+3.01,BAL1,05
0029,-.314,-4.69,+.000,-0004.69,+3.01,BAL1,05
0030,-.301,-4.66,+.000,-0004.66,+3.01,BAL1,05
0031,-.291,-4.66,+.000,-0004.66,+3.01,BAL1,05
0032,-.285,-4.70,+.000,-0004.70,+3.01,BAL1,05
0033,-.276,-4.71,+.000,-0004.71,+3.01,BAL1,05
0034,-.268,-4.70,+.000,-0004.70,+3.01,BAL1,05
0035,-.258,-4.67,+.000,-0004.67,+3.01,BAL1,05
0036,-.250,-4.64,+.000,-0004.64,+3.01,BAL1,05
0037,-.244,-4.67,+.000,-0004.67,+3.01,BAL1,05
0038,-.237,-4.66,+.000,-0004.66,+3.01,BAL1,05
0039,-.233,-4.68,+.000,-0004.68,+3.01,BAL1,05
0040,-.229,-4.73,+.000,-0004.73,+3.01,BAL1,05
0041,-.223,-4.71,+.000,-0004.71,+3.01,BAL1,05
0042,-.217,-4.71,+.000,-0004.71,+3.01,BAL1,05
0043,-.213,-4.72,+.000,-0004.72,+3.01,BAL1,05
0044,-.207,-4.71,+.000,-0004.71,+3.01,BAL1,05
0045,-.202,-4.70,+.000,-0004.70,+3.01,BAL1,05
0046,-.197,-4.69,+.000,-0004.69,+3.01,BAL1,05
0047,-.194,-4.70,+.000,-0004.70,+3.01,BAL1,05
0048,-.191,-4.74,+.000,-0004.74,+3.01,BAL1,05
0049,-.188,-4.76,+.000,-0004.76,+3.01,BAL1,05
0050,-.184,-4.76,+.000,-0004.76,+3.01,BAL1,05
0051,-.180,-4.75,+.000,-0004.75,+3.01,BAL1,05
0052,-.177,-4.74,+.000,-0004.74,+3.01,BAL1,05
0053,-.172,-4.72,+.000,-0004.72,+3.01,BAL1,05
0054,-.169,-4.72,+.000,-0004.72,+3.01,BAL1,05
0055,-.167,-4.73,+.000,-0004.73,+3.01,BAL1,05
0056,-.164,-4.74,+.000,-0004.74,+3.01,BAL1,05
0057,-.161,-4.74,+.000,-0004.74,+3.01,BAL1,05
0058,-.157,-4.72,+.000,-0004.72,+3.01,BAL1,05
0059,-.155,-4.72,+.000,-0004.72,+3.01,BAL1,05
0060,-.152,-4.73,+.000,-0004.73,+3.01,BAL1,05
0061,-.150,-4.72,+.000,-0004.72,+3.01,BAL1,05
0062,-.147,-4.72,+.000,-0004.72,+3.01,BAL1,05
0063,-.146,-4.75,+.000,-0004.75,+3.01,BAL1,05
0064,-.143,-4.75,+.000,-0004.75,+3.01,BAL1,05
0065,-.141,-4.74,+.000,-0004.74,+3.01,BAL1,05
0066,-.139,-4.75,+.000,-0004.75,+3.01,BAL1,05
0067,-.137,-4.75,+.000,-0004.75,+3.01,BAL1,05
0068,-.135,-4.74,+.000,-0004.74,+3.01,BAL1,05
0069,-.132,-4.72,+.000,-0004.72,+3.01,BAL1,05
0070,-.130,-4.72,+.000,-0004.72,+3.01,BAL1,05
0071,-.129,-4.72,+.000,-0004.72,+3.01,BAL1,05
0072,-.127,-4.73,+.000,-0004.73,+3.01,BAL1,05
0073,-.125,-4.73,+.000,-0004.73,+3.01,BAL1,05
0074,-.124,-4.73,+.000,-0004.73,+3.01,BAL1,05
0075,-.122,-4.72,+.000,-0004.72,+3.01,BAL1,05
0076,-.120,-4.73,+.000,-0004.73,+3.01,BAL1,05
0077,-.119,-4.73,+.000,-0004.73,+3.01,BAL1,05
0078,-.117,-4.73,+.000,-0004.73,+3.01,BAL1,05
0079,-.116,-4.74,+.000,-0004.74,+3.01,BAL1,05
0080,-.114,-4.71,+.000,-0004.71,+3.01,BAL1,05
0081,-.112,-4.71,+.000,-0004.71,+3.01,BAL1,05
0082,-.111,-4.72,+.000,-0004.72,+3.01,BAL1,05
0083,-.110,-4.71,+.000,-0004.71,+3.01,BAL1,05
0084,-.108,-4.71,+.000,-0004.71,+3.01,BAL1,05
0085,-.108,-4.73,+.000,-0004.73,+3.01,BAL1,05
0086,-.107,-4.75,+.000,-0004.75,+3.01,BAL1,05
0087,-.105,-4.73,+.000,-0004.73,+3.01,BAL1,05
0088,-.104,-4.72,+.000,-0004.72,+3.01,BAL1,05
0089,-.103,-4.74,+.000,-0004.74,+3.01,BAL1,05
0090,-.102,-4.74,+.000,-0004.74,+3.01,BAL1,05
0091,-.100,-4.71,+.000,-0004.71,+3.01,BAL1,05
0092,-.099,-4.70,+.000,-0004.70,+3.01,BAL1,05
0093,-.098,-4.71,+.000,-0004.71,+3.01,BAL1,05
0094,-.097,-4.70,+.000,-0004.70,+3.01,BAL1,05
0095,-.095,-4.69,+.000,-0004.69,+3.01,BAL1,05
0096,-.094,-4.68,+.000,-0004.68,+3.01,BAL1,05
0097,-.094,-4.70,+.000,-0004.70,+3.01,BAL1,05
0098,-.093,-4.71,+.000,-0004.71,+3.01,BAL1,05
0099,-.092,-4.69,+.000,-0004.69,+3.01,BAL1,05
0100,-.091,-4.71,+.000,-0004.71,+3.01,BAL1,05
0101,-.091,-4.75,+.000,-0004.75,+3.01,BAL1,05
0102,-.090,-4.74,+.000,-0004.74,+3.01,BAL1,05
0103,-.088,-4.72,+.000,-0004.72,+3.01,BAL1,05
0104,-.087,-4.68,+.000,-0004.68,+3.01,BAL1,05
0105,-.086,-4.67,+.000,-0004.67,+3.01,BAL1,05
0106,-.086,-4.71,+.000,-0004.71,+3.01,BAL1,05
0107,-.085,-4.72,+.000,-0004.72,+3.01,BAL1,05
0108,-.084,-4.71,+.000,-0004.71,+3.01,BAL1,05
0109,-.083,-4.68,+.000,-0004.68,+3.01,BAL1,05
0110,-.082,-4.68,+.000,-0004.68,+3.01,BAL1,05
0111,-.082,-4.69,+.000,-0004.69,+3.01,BAL1,05
0112,-.081,-4.70,+.000,-0004.70,+3.01,BAL1,05
0113,-.081,-4.71,+.000,-0004.71,+3.01,BAL1,05
0114,-.079,-4.69,+.000,-0004.69,+3.01,BAL1,05
0115,-.079,-4.69,+.000,-0004.69,+3.01,BAL1,05
0116,-.078,-4.71,+.000,-0004.71,+3.01,BAL1,05
0117,-.078,-4.74,+.000,-0004.74,+3.01,BAL1,05
0118,-.077,-4.74,+.000,-0004.74,+3.01,BAL1,05
0119,-.077,-4.73,+.000,-0004.73,+3.01,BAL1,05
0120,-.076,-4.75,+.000,-0004.75,+3.01,BAL1,05
0121,-.076,-4.75,+.000,-0004.75,+3.01,BAL1,05
0122,-.075,-4.73,+.000,-0004.73,+3.01,BAL1,05
0123,-.074,-4.71,+.000,-0004.71,+3.01,BAL1,05
0124,-.073,-4.71,+.000,-0004.71,+3.01,BAL1,05
0125,-.072,-4.69,+.000,-0004.69,+3.01,BAL1,05
0126,-.072,-4.69,+.000,-0004.69,+3.01,BAL1,05
0127,-.072,-4.72,+.000,-0004.72,+3.01,BAL1,05
0128,-.071,-4.72,+.000,-0004.72,+3.01,BAL1,05
0129,-.070,-4.71,+.000,-0004.71,+3.01,BAL1,05
0130,-.070,-4.71,+.000,-0004.71,+3.01,BAL1,05
0131,-.069,-4.70,+.000,-0004.70,+3.01,BAL1,05
0132,-.069,-4.71,+.000,-0004.71,+3.01,BAL1,05
0133,-.068,-4.70,+.000,-0004.70,+3.01,BAL1,05
0134,-.068,-4.71,+.000,-0004.71,+3.01,BAL1,05
0135,-.067,-4.72,+.000,-0004.72,+3.01,BAL1,05
0136,-.067,-4.71,+.000,-0004.71,+3.01,BAL1,05
0137,-.066,-4.71,+.000,-0004.71,+3.01,BAL1,05
0138,-.066,-4.73,+.000,-0004.73,+3.01,BAL1,05
0139,-.066,-4.73,+.000,-0004.73,+3.01,BAL1,05
0140,-.065,-4.72,+.000,-0004.72,+3.01,BAL1,05
0141,-.065,-4.73,+.000,-0004.73,+3.01,BAL1,05
0142,-.064,-4.73,+.000,-0004.73,+3.01,BAL1,05
0143,-.063,-4.70,+.000,-0004.70,+3.01,BAL1,05
0144,-.063,-4.70,+.000,-0004.70,+3.01,BAL1,05
0145,-.062,-4.70,+.000,-0004.70,+3.01,BAL1,05
0146,-.062,-4.69,+.000,-0004.69,+3.01,BAL1,05
0147,-.061,-4.68,+.000,-0004.68,+3.01,BAL1,05
0148,-.061,-4.71,+.000,-0004.71,+3.01,BAL1,05
0149,-.061,-4.74,+.000,-0004.74,+3.01,BAL1,05
0150,-.061,-4.72,+.000,-0004.72,+3.01,BAL1,05
0151,-.060,-4.71,+.000,-0004.71,+3.01,BAL1,05
0152,-.060,-4.72,+.000,-0004.72,+3.01,BAL1,05
0153,-.059,-4.69,+.000,-0004.69,+3.01,BAL1,05
0154,-.058,-4.68,+.000,-0004.68,+3.01,BAL1,05
0155,-.058,-4.69,+.000,-0004.69,+3.01,BAL1,05
0156,-.058,-4.70,+.000,-0004.70,+3.01,BAL1,05
0157,-.058,-4.71,+.000,-0004.71,+3.01,BAL1,05
0158,-.058,-4.75,+.000,-0004.75,+3.01,BAL1,05
0159,-.058,-4.75,+.000,-0004.75,+3.01,BAL1,05
0160,-.057,-4.72,+.000,-0004.72,+3.01,BAL1,05
0161,-.056,-4.72,+.000,-0004.72,+3.01,BAL1,05
0162,-.056,-4.74,+.000,-0004.74,+3.01,BAL1,05
0163,-.056,-4.74,+.000,-0004.74,+3.01,BAL1,05
0164,-.056,-4.76,+.000,-0004.76,+3.01,BAL1,05
0165,-.056,-4.79,+.000,-0004.79,+3.01,BAL1,05
0166,-.055,-4.76,+.000,-0004.76,+3.01,BAL1,05
0167,-.055,-4.74,+.000,-0004.74,+3.01,BAL1,05
0168,-.054,-4.74,+.000,-0004.74,+3.01,BAL1,05
0169,-.053,-4.70,+.000,-0004.70,+3.01,BAL1,05
0170,-.053,-4.68,+.000,-0004.68,+3.01,BAL1,05
0171,-.053,-4.71,+.000,-0004.71,+3.01,BAL1,05
0172,-.052,-4.69,+.000,-0004.69,+3.01,BAL1,05
0173,-.052,-4.68,+.000,-0004.68,+3.01,BAL1,05
0174,-.052,-4.70,+.000,-0004.70,+3.01,BAL1,05
0175,-.052,-4.71,+.000,-0004.71,+3.01,BAL1,05
0176,-.051,-4.70,+.000,-0004.70,+3.01,BAL1,05
0177,-.051,-4.70,+.000,-0004.70,+3.01,BAL1,05
0178,-.051,-4.71,+.000,-0004.71,+3.01,BAL1,05
0179,-.051,-4.72,+.000,-0004.72,+3.01,BAL1,05
0180,-.050,-4.70,+.000,-0004.70,+3.01,BAL1,05
0181,-.050,-4.70,+.000,-0004.70,+3.01,BAL1,05
0182,-.050,-4.71,+.000,-0004.71,+3.01,BAL1,05
0183,-.049,-4.70,+.000,-0004.70,+3.01,BAL1,05
0184,-.049,-4.71,+.000,-0004.71,+3.01,BAL1,05
0185,-.049,-4.75,+.000,-0004.75,+3.01,BAL1,05
0186,-.049,-4.72,+.000,-0004.72,+3.01,BAL1,05
0187,-.048,-4.70,+.000,-0004.70,+3.01,BAL1,05
0188,-.048,-4.71,+.000,-0004.71,+3.01,BAL1,05
0189,-.048,-4.71,+.000,-0004.71,+3.01,BAL1,05
0190,-.047,-4.69,+.000,-0004.69,+3.01,BAL1,05
0191,-.047,-4.69,+.000,-0004.69,+3.01,BAL1,05
0192,-.047,-4.72,+.000,-0004.72,+3.01,BAL1,05
0193,-.047,-4.71,+.000,-0004.71,+3.01,BAL1,05
0194,-.046,-4.69,+.000,-0004.69,+3.01,BAL1,05
0195,-.046,-4.72,+.000,-0004.72,+3.01,BAL1,05
0196,-.046,-4.73,+.000,-0004.73,+3.01,BAL1,05
0197,-.046,-4.72,+.000,-0004.72,+3.01,BAL1,05
0198,-.046,-4.73,+.000,-0004.73,+3.01,BAL1,05
0199,-.046,-4.73,+.000,-0004.73,+3.01,BAL1,05
0200,-.045,-4.73,+.000,-0004.73,+3.01,BAL1,05
0201,-.045,-4.72,+.000,-0004.72,+3.01,BAL1,05
0202,-.045,-4.75,+.000,-0004.75,+3.01,BAL1,05
0203,-.045,-4.75,+.000,-0004.75,+3.01,BAL1,05
0204,-.045,-4.74,+.000,-0004.74,+3.01,BAL1,05
0205,-.045,-4.76,+.000,-0004.76,+3.01,BAL1,05
0206,-.044,-4.76,+.000,-0004.76,+3.01,BAL1,05
0207,-.044,-4.72,+.000,-0004.72,+3.01,BAL1,05
0208,-.044,-4.71,+.000,-0004.71,+3.01,BAL1,05
0209,-.043,-4.70,+.000,-0004.70,+3.01,BAL1,05
0210,-.043,-4.71,+.000,-0004.71,+3.01,BAL1,05
0211,-.043,-4.75,+.000,-0004.75,+3.01,BAL1,05
0212,-.043,-4.72,+.000,-0004.72,+3.01,BAL1,05
0213,-.042,-4.71,+.000,-0004.71,+3.01,BAL1,05
0214,-.042,-4.73,+.000,-0004.73,+3.01,BAL1,05
0215,-.042,-4.73,+.000,-0004.73,+3.01,BAL1,05
0216,-.042,-4.70,+.000,-0004.70,+3.01,BAL1,05
0217,-.042,-4.71,+.000,-0004.71,+3.01,BAL1,05
0218,-.042,-4.72,+.000,-0004.72,+3.01,BAL1,05
0219,-.041,-4.73,+.000,-0004.73,+3.01,BAL1,05
0220,-.041,-4.73,+.000,-0004.73,+3.01,BAL1,05
0221,-.041,-4.71,+.000,-0004.71,+3.01,BAL1,05
0222,-.041,-4.72,+.000,-0004.72,+3.01,BAL1,05
0223,-.041,-4.72,+.000,-0004.72,+3.01,BAL1,05
0224,-.041,-4.73,+.000,-0004.73,+3.01,BAL1,05
0225,-.040,-4.74,+.000,-0004.74,+3.01,BAL1,05
0226,-.040,-4.72,+.000,-0004.72,+3.01,BAL1,05
0227,-.040,-4.73,+.000,-0004.73,+3.01,BAL1,05
0228,-.040,-4.73,+.000,-0004.73,+3.01,BAL1,05
0229,-.040,-4.73,+.000,-0004.73,+3.01,BAL1,05
0230,-.039,-4.72,+.000,-0004.72,+3.01,BAL1,05
0231,-.039,-4.70,+.000,-0004.70,+3.01,BAL1,05
0232,-.039,-4.71,+.000,-0004.71,+3.01,BAL1,05
0233,-.039,-4.71,+.000,-0004.71,+3.01,BAL1,05
0234,-.038,-4.70,+.000,-0004.70,+3.01,BAL1,05
0235,-.038,-4.71,+.000,-0004.71,+3.01,BAL1,05
0236,-.038,-4.71,+.000,-0004.71,+3.01,BAL1,05
0237,-.038,-4.68,+.000,-0004.68,+3.01,BAL1,05
0238,-.038,-4.70,+.000,-0004.70,+3.01,BAL1,05
0239,-.038,-4.71,+.000,-0004.71,+3.01,BAL1,05
0240,-.038,-4.71,+.000,-0004.71,+3.01,BAL1,05
0241,-.037,-4.70,+.000,-0004.70,+3.01,BAL1,05
0242,-.037,-4.71,+.000,-0004.71,+3.01,BAL1,05
0243,-.037,-4.72,+.000,-0004.72,+3.01,BAL1,05
0244,-.037,-4.71,+.000,-0004.71,+3.01,BAL1,05
0245,-.037,-4.73,+.000,-0004.73,+3.01,BAL1,05
0246,-.037,-4.72,+.000,-0004.72,+3.01,BAL1,05
0247,-.037,-4.72,+.000,-0004.72,+3.01,BAL1,05
0248,-.037,-4.75,+.000,-0004.75,+3.01,BAL1,05
0249,-.036,-4.72,+.000,-0004.72,+3.01,BAL1,05
0250,-.036,-4.70,+.000,-0004.70,+3.01,BAL1,05
0251,-.036,-4.70,+.000,-0004.70,+3.01,BAL1,05
0252,-.036,-4.71,+.000,-0004.71,+3.01,BAL1,05
0253,-.036,-4.70,+.000,-0004.70,+3.01,BAL1,05
0254,-.036,-4.71,+.000,-0004.71,+3.01,BAL1,05
0255,-.035,-4.70,+.000,-0004.70,+3.01,BAL1,05
0256,-.035,-4.69,+.000,-0004.69,+3.01,BAL1,05
0257,-.035,-4.71,+.000,-0004.71,+3.01,BAL1,05
0258,-.035,-4.71,+.000,-0004.71,+3.01,BAL1,05
0259,-.035,-4.71,+.000,-0004.71,+3.01,BAL1,05
0260,-.035,-4.73,+.000,-0004.73,+3.01,BAL1,05
0261,-.035,-4.72,+.000,-0004.72,+3.01,BAL1,05
0262,-.034,-4.68,+.000,-0004.68,+3.01,BAL1,05
0263,-.034,-4.69,+.000,-0004.69,+3.01,BAL1,05
0264,-.034,-4.70,+.000,-0004.70,+3.01,BAL1,05
0265,-.034,-4.69,+.000,-0004.69,+3.01,BAL1,05
0266,-.034,-4.70,+.000,-0004.70,+3.01,BAL1,05
0267,-.034,-4.71,+.000,-0004.71,+3.01,BAL1,05
0268,-.034,-4.71,+.000,-0004.71,+3.01,BAL1,05
0269,-.034,-4.71,+.000,-0004.71,+3.01,BAL1,05
0270,-.033,-4.71,+.000,-0004.71,+3.01,BAL1,05
0271,-.033,-4.68,+.000,-0004.68,+3.01,BAL1,05
0272,-.033,-4.69,+.000,-0004.69,+3.01,BAL1,05
0273,-.033,-4.73,+.000,-0004.73,+3.01,BAL1,05
0274,-.033,-4.75,+.000,-0004.75,+3.01,BAL1,05
0275,-.033,-4.73,+.000,-0004.73,+3.01,BAL1,05
0276,-.033,-4.72,+.000,-0004.72,+3.01,BAL1,05
0277,-.033,-4.71,+.000,-0004.71,+3.01,BAL1,05
0278,-.033,-4.73,+.000,-0004.73,+3.01,BAL1,05
0279,-.033,-4.75,+.000,-0004.75,+3.01,BAL1,05
0280,-.032,-4.71,+.000,-0004.71,+3.01,BAL1,05
0281,-.032,-4.72,+.000,-0004.72,+3.01,BAL1,05
0282,-.032,-4.74,+.000,-0004.74,+3.01,BAL1,05
0283,-.032,-4.72,+.000,-0004.72,+3.01,BAL1,05
0284,-.032,-4.70,+.000,-0004.70,+3.01,BAL1,05
0285,-.032,-4.70,+.000,-0004.70,+3.01,BAL1,05
0286,-.031,-4.70,+.000,-0004.70,+3.01,BAL1,05
0287,-.031,-4.72,+.000,-0004.72,+3.01,BAL1,05
0288,-.031,-4.73,+.000,-0004.73,+3.01,BAL1,05
0289,-.031,-4.74,+.000,-0004.74,+3.01,BAL1,05
0290,-.031,-4.70,+.000,-0004.70,+3.01,BAL1,05
0291,-.031,-4.69,+.000,-0004.69,+3.01,BAL1,05
0292,-.031,-4.70,+.000,-0004.70,+3.01,BAL1,05
0293,-.031,-4.71,+.000,-0004.71,+3.01,BAL1,05
0294,-.031,-4.71,+.000,-0004.71,+3.01,BAL1,05
0295,-.031,-4.72,+.000,-0004.72,+3.01,BAL1,05
0296,-.030,-4.72,+.000,-0004.72,+3.01,BAL1,05
0297,-.030,-4.72,+.000,-0004.72,+3.01,BAL1,05
0298,-.030,-4.72,+.000,-0004.72,+3.01,BAL1,05
0299,-.030,-4.72,+.000,-0004.72,+3.01,BAL1,05
0300,-.030,-4.70,+.000,-0004.70,+3.01,BAL1,05
0001,-497 ,-256 ,+.000,-0256.58,+3.01,DL2 ,05
0002,-514 ,-530 ,+.000,-0530.61,+3.01,DL2 ,05
0003,-351 ,-544 ,+.000,-0544.19,+3.01,DL2 ,05
0004,-257 ,-530 ,+.000,-0530.16,+3.01,DL2 ,05
0005,-202 ,-521 ,+.000,-0521.21,+3.01,DL2 ,05
0001,+11.2,+5.80,+.000,-0515.41,+3.01,BAL2,05
0002,+9.38,+9.67,+.000,-0511.54,+3.01,BAL2,05
0003,+7.92,+12.2,+.000,-0508.96,+3.01,BAL2,05
0004,+6.75,+13.9,+.000,-0507.28,+3.01,BAL2,05
0005,+5.84,+15.0,+.000,-0506.15,+3.01,BAL2,05
0006,+5.10,+15.7,+.000,-0505.43,+3.01,BAL2,05
0007,+4.49,+16.2,+.000,-0505.00,+3.01,BAL2,05
0008,+3.99,+16.4,+.000,-0504.74,+3.01,BAL2,05
0009,+3.57,+16.5,+.000,-0504.64,+3.01,BAL2,05
0010,+3.22,+16.6,+.000,-0504.60,+3.01,BAL2,05
0011,+2.92,+16.5,+.000,-0504.64,+3.01,BAL2,05
0012,+2.65,+16.4,+.000,-0504.77,+3.01,BAL2,05
0013,+2.43,+16.2,+.000,-0504.92,+3.01,BAL2,05
0014,+2.23,+16.1,+.000,-0505.08,+3.01,BAL2,05
0015,+2.06,+15.9,+.000,-0505.28,+3.01,BAL2,05
0016,+1.90,+15.7,+.000,-0505.48,+3.01,BAL2,05
0017,+1.77,+15.5,+.000,-0505.64,+3.01,BAL2,05
0018,+1.65,+15.3,+.000,-0505.86,+3.01,BAL2,05
0019,+1.54,+15.1,+.000,-0506.09,+3.01,BAL2,05
0020,+1.44,+14.8,+.000,-0506.31,+3.01,BAL2,05
0021,+1.35,+14.6,+.000,-0506.54,+3.01,BAL2,05
0022,+1.27,+14.4,+.000,-0506.72,+3.01,BAL2,05
0023,+1.20,+14.2,+.000,-0506.93,+3.01,BAL2,05
0024,+1.13,+14.0,+.000,-0507.16,+3.01,BAL2,05
0025,+1.07,+13.8,+.000,-0507.37,+3.01,BAL2,05
0026,+1.01,+13.6,+.000,-0507.59,+3.01,BAL2,05
0027,+.964,+13.4,+.000,-0507.79,+3.01,BAL2,05
0028,+.916,+13.2,+.000,-0507.98,+3.01,BAL2,05
0029,+.872,+13.0,+.000,-0508.16,+3.01,BAL2,05
0030,+.831,+12.8,+.000,-0508.36,+3.01,BAL2,05
0031,+.792,+12.6,+.000,-0508.54,+3.01,BAL2,05
0032,+.756,+12.4,+.000,-0508.74,+3.01,BAL2,05
0033,+.720,+12.2,+.000,-0508.95,+3.01,BAL2,05
0034,+.691,+12.1,+.000,-0509.10,+3.01,BAL2,05
0035,+.663,+11.9,+.000,-0509.25,+3.01,BAL2,05
0036,+.633,+11.7,+.000,-0509.45,+3.01,BAL2,05
0037,+.597,+11.4,+.000,-0509.81,+3.01,BAL2,05
0038,+.576,+11.2,+.000,-0509.91,+3.01,BAL2,05
0039,+.559,+11.2,+.000,-0509.97,+3.01,BAL2,05
0040,+.536,+11.0,+.000,-0510.16,+3.01,BAL2,05
0041,+.517,+10.9,+.000,-0510.26,+3.01,BAL2,05
0042,+.497,+10.7,+.000,-0510.44,+3.01,BAL2,05
0043,+.478,+10.6,+.000,-0510.60,+3.01,BAL2,05
0044,+.459,+10.4,+.000,-0510.79,+3.01,BAL2,05
0045,+.440,+10.2,+.000,-0511.00,+3.01,BAL2,05
0046,+.425,+10.0,+.000,-0511.12,+3.01,BAL2,05
0047,+.412,+10.0,+.000,-0511.21,+3.01,BAL2,05
0048,+.397,+9.83,+.000,-0511.38,+3.01,BAL2,05
0049,+.382,+9.66,+.000,-0511.55,+3.01,BAL2,05
0050,+.369,+9.52,+.000,-0511.69,+3.01,BAL2,05
0051,+.356,+9.36,+.000,-0511.84,+3.01,BAL2,05
0052,+.342,+9.18,+.000,-0512.03,+3.01,BAL2,05
0053,+.329,+9.01,+.000,-0512.20,+3.01,BAL2,05
0054,+.319,+8.88,+.000,-0512.33,+3.01,BAL2,05
0055,+.309,+8.78,+.000,-0512.43,+3.01,BAL2,05
0056,+.298,+8.63,+.000,-0512.58,+3.01,BAL2,05
0057,+.289,+8.52,+.000,-0512.69,+3.01,BAL2,05
0058,+.282,+8.44,+.000,-0512.76,+3.01,BAL2,05
0059,+.272,+8.27,+.000,-0512.94,+3.01,BAL2,05
0060,+.262,+8.12,+.000,-0513.08,+3.01,BAL2,05
0061,+.254,+8.00,+.000,-0513.21,+3.01,BAL2,05
0062,+.245,+7.84,+.000,-0513.37,+3.01,BAL2,05
0063,+.236,+7.69,+.000,-0513.52,+3.01,BAL2,05
0064,+.228,+7.53,+.000,-0513.67,+3.01,BAL2,05
0065,+.221,+7.41,+.000,-0513.80,+3.01,BAL2,05
0066,+.213,+7.27,+.000,-0513.94,+3.01,BAL2,05
0067,+.205,+7.08,+.000,-0514.12,+3.01,BAL2,05
0068,+.199,+6.98,+.000,-0514.23,+3.01,BAL2,05
0069,+.193,+6.89,+.000,-0514.31,+3.01,BAL2,05
0070,+.187,+6.76,+.000,-0514.45,+3.01,BAL2,05
0071,+.181,+6.66,+.000,-0514.55,+3.01,BAL2,05
0072,+.175,+6.51,+.000,-0514.69,+3.01,BAL2,05
0073,+.168,+6.32,+.000,-0514.88,+3.01,BAL2,05
0074,+.164,+6.27,+.000,-0514.94,+3.01,BAL2,05
0075,+.160,+6.19,+.000,-0515.01,+3.01,BAL2,05
0076,+.154,+6.04,+.000,-0515.17,+3.01,BAL2,05
0077,+.149,+5.94,+.000,-0515.26,+3.01,BAL2,05
0078,+.144,+5.81,+.000,-0515.40,+3.01,BAL2,05
0079,+.140,+5.71,+.000,-0515.49,+3.01,BAL2,05
0080,+.135,+5.59,+.000,-0515.62,+3.01,BAL2,05
0081,+.131,+5.47,+.000,-0515.74,+3.01,BAL2,05
0082,+.127,+5.37,+.000,-0515.83,+3.01,BAL2,05
0083,+.122,+5.24,+.000,-0515.97,+3.01,BAL2,05
0084,+.118,+5.11,+.000,-0516.10,+3.01,BAL2,05
0085,+.113,+4.97,+.000,-0516.24,+3.01,BAL2,05
0086,+.109,+4.84,+.000,-0516.36,+3.01,BAL2,05
0087,+.105,+4.71,+.000,-0516.49,+3.01,BAL2,05
0088,+.101,+4.62,+.000,-0516.58,+3.01,BAL2,05
0089,+.098,+4.51,+.000,-0516.70,+3.01,BAL2,05
0090,+.094,+4.37,+.000,-0516.84,+3.01,BAL2,05
0091,+.090,+4.24,+.000,-0516.96,+3.01,BAL2,05
0092,+.087,+4.13,+.000,-0517.07,+3.01,BAL2,05
0093,+.084,+4.03,+.000,-0517.18,+3.01,BAL2,05
0094,+.081,+3.93,+.000,-0517.28,+3.01,BAL2,05
0095,+.078,+3.82,+.000,-0517.39,+3.01,BAL2,05
0096,+.074,+3.68,+.000,-0517.53,+3.01,BAL2,05
0097,+.070,+3.54,+.000,-0517.67,+3.01,BAL2,05
0098,+.068,+3.44,+.000,-0517.77,+3.01,BAL2,05
0099,+.065,+3.33,+.000,-0517.87,+3.01,BAL2,05
0100,+.062,+3.23,+.000,-0517.98,+3.01,BAL2,05
0101,+.060,+3.14,+.000,-0518.07,+3.01,BAL2,05
0102,+.057,+3.01,+.000,-0518.19,+3.01,BAL2,05
0103,+.054,+2.90,+.000,-0518.31,+3.01,BAL2,05
0104,+.052,+2.79,+.000,-0518.42,+3.01,BAL2,05
0105,+.048,+2.64,+.000,-0518.56,+3.01,BAL2,05
0106,+.045,+2.50,+.000,-0518.71,+3.01,BAL2,05
0107,+.043,+2.39,+.000,-0518.81,+3.01,BAL2,05
0108,+.041,+2.32,+.000,-0518.88,+3.01,BAL2,05
0109,+.039,+2.21,+.000,-0519.00,+3.01,BAL2,05
0110,+.036,+2.09,+.000,-0519.12,+3.01,BAL2,05
0111,+.034,+1.96,+.000,-0519.25,+3.01,BAL2,05
0112,+.031,+1.84,+.000,-0519.37,+3.01,BAL2,05
0113,+.029,+1.74,+.000,-0519.46,+3.01,BAL2,05
0114,+.027,+1.61,+.000,-0519.60,+3.01,BAL2,05
0115,+.025,+1.48,+.000,-0519.72,+3.01,BAL2,05
0116,+.023,+1.40,+.000,-0519.80,+3.01,BAL2,05
0117,+.021,+1.31,+.000,-0519.90,+3.01,BAL2,05
0118,+.019,+1.17,+.000,-0520.03,+3.01,BAL2,05
0119,+.017,+1.05,+.000,-0520.16,+3.01,BAL2,05
0120,+.014,+.918,+.000,-0520.29,+3.01,BAL2,05
0121,+.013,+.812,+.000,-0520.40,+3.01,BAL2,05
0122,+.011,+.711,+.000,-0520.50,+3.01,BAL2,05
0123,+.009,+.584,+.000,-0520.63,+3.01,BAL2,05
0124,+.007,+.484,+.000,-0520.73,+3.01,BAL2,05
0125,+.006,+.390,+.000,-0520.82,+3.01,BAL2,05
0126,+.003,+.244,+.000,-0520.97,+3.01,BAL2,05
0127,+.001,+.115,+.000,-0521.10,+3.01,BAL2,05
0128,+.000,+.031,+.000,-0521.18,+3.01,BAL2,05
0129,+.000,-.049,+.000,-0521.26,+3.01,BAL2,05
0130,-.002,-.141,+.000,-0521.35,+3.01,BAL2,05
0131,-.003,-.255,+.000,-0521.47,+3.01,BAL2,05
0132,-.005,-.369,+.000,-0521.58,+3.01,BAL2,05
0133,-.006,-.476,+.000,-0521.69,+3.01,BAL2,05
0134,-.008,-.596,+.000,-0521.81,+3.01,BAL2,05
0135,-.010,-.708,+.000,-0521.92,+3.01,BAL2,05
0136,-.011,-.789,+.000,-0522.00,+3.01,BAL2,05
0137,-.012,-.891,+.000,-0522.10,+3.01,BAL2,05
0138,-.014,-1.01,+.000,-0522.23,+3.01,BAL2,05
0139,-.015,-1.09,+.000,-0522.30,+3.01,BAL2,05
0140,-.016,-1.17,+.000,-0522.38,+3.01,BAL2,05
0141,-.017,-1.26,+.000,-0522.48,+3.01,BAL2,05
0142,-.018,-1.36,+.000,-0522.58,+3.01,BAL2,05
0143,-.020,-1.48,+.000,-0522.69,+3.01,BAL2,05
0144,-.021,-1.59,+.000,-0522.81,+3.01,BAL2,05
0145,-.022,-1.68,+.000,-0522.89,+3.01,BAL2,05
0146,-.023,-1.75,+.000,-0522.97,+3.01,BAL2,05
0147,-.024,-1.83,+.000,-0523.04,+3.01,BAL2,05
0148,-.025,-1.95,+.000,-0523.17,+3.01,BAL2,05
0149,-.027,-2.09,+.000,-0523.31,+3.01,BAL2,05
0150,-.028,-2.19,+.000,-0523.41,+3.01,BAL2,05
0151,-.029,-2.26,+.000,-0523.47,+3.01,BAL2,05
0152,-.030,-2.35,+.000,-0523.56,+3.01,BAL2,05
0153,-.031,-2.45,+.000,-0523.67,+3.01,BAL2,05
0154,-.031,-2.52,+.000,-0523.74,+3.01,BAL2,05
0155,-.033,-2.64,+.000,-0523.85,+3.01,BAL2,05
0156,-.034,-2.74,+.000,-0523.96,+3.01,BAL2,05
0157,-.034,-2.80,+.000,-0524.02,+3.01,BAL2,05
0158,-.036,-2.93,+.000,-0524.15,+3.01,BAL2,05
0159,-.037,-3.04,+.000,-0524.25,+3.01,BAL2,05
0160,-.037,-3.08,+.000,-0524.30,+3.01,BAL2,05
0161,-.038,-3.15,+.000,-0524.37,+3.01,BAL2,05
0162,-.038,-3.24,+.000,-0524.45,+3.01,BAL2,05
0163,-.039,-3.33,+.000,-0524.54,+3.01,BAL2,05
0164,-.040,-3.43,+.000,-0524.65,+3.01,BAL2,05
0165,-.041,-3.55,+.000,-0524.77,+3.01,BAL2,05
0166,-.042,-3.64,+.000,-0524.85,+3.01,BAL2,05
0167,-.043,-3.71,+.000,-0524.93,+3.01,BAL2,05
0168,-.044,-3.82,+.000,-0525.03,+3.01,BAL2,05
0169,-.045,-3.93,+.000,-0525.15,+3.01,BAL2,05
0170,-.046,-4.04,+.000,-0525.25,+3.01,BAL2,05
0171,-.046,-4.12,+.000,-0525.33,+3.01,BAL2,05
0172,-.047,-4.21,+.000,-0525.43,+3.01,BAL2,05
0173,-.048,-4.29,+.000,-0525.51,+3.01,BAL2,05
0174,-.048,-4.37,+.000,-0525.58,+3.01,BAL2,05
0175,-.049,-4.44,+.000,-0525.66,+3.01,BAL2,05
0176,-.049,-4.51,+.000,-0525.73,+3.01,BAL2,05
0177,-.050,-4.63,+.000,-0525.85,+3.01,BAL2,05
0178,-.051,-4.73,+.000,-0525.95,+3.01,BAL2,05
0179,-.052,-4.82,+.000,-0526.03,+3.01,BAL2,05
0180,-.052,-4.91,+.000,-0526.12,+3.01,BAL2,05
0181,-.053,-4.97,+.000,-0526.19,+3.01,BAL2,05
0182,-.054,-5.09,+.000,-0526.31,+3.01,BAL2,05
0183,-.055,-5.23,+.000,-0526.44,+3.01,BAL2,05
0184,-.055,-5.30,+.000,-0526.52,+3.01,BAL2,05
0185,-.056,-5.38,+.000,-0526.60,+3.01,BAL2,05
0186,-.057,-5.47,+.000,-0526.69,+3.01,BAL2,05
0187,-.057,-5.54,+.000,-0526.75,+3.01,BAL2,05
0188,-.057,-5.60,+.000,-0526.82,+3.01,BAL2,05
0189,-.058,-5.70,+.000,-0526.91,+3.01,BAL2,05
0190,-.059,-5.80,+.000,-0527.02,+3.01,BAL2,05
0191,-.059,-5.89,+.000,-0527.11,+3.01,BAL2,05
0192,-.060,-6.00,+.000,-0527.21,+3.01,BAL2,05
0193,-.061,-6.10,+.000,-0527.31,+3.01,BAL2,05
0194,-.061,-6.15,+.000,-0527.37,+3.01,BAL2,05
0195,-.062,-6.25,+.000,-0527.46,+3.01,BAL2,05
0196,-.062,-6.34,+.000,-0527.56,+3.01,BAL2,05
0197,-.063,-6.41,+.000,-0527.62,+3.01,BAL2,05
0198,-.063,-6.50,+.000,-0527.71,+3.01,BAL2,05
0199,-.064,-6.60,+.000,-0527.82,+3.01,BAL2,05
0200,-.064,-6.67,+.000,-0527.89,+3.01,BAL2,05
0201,-.065,-6.77,+.000,-0527.99,+3.01,BAL2,05
0202,-.065,-6.87,+.000,-0528.08,+3.01,BAL2,05
0203,-.066,-6.94,+.000,-0528.15,+3.01,BAL2,05
0204,-.067,-7.06,+.000,-0528.27,+3.01,BAL2,05
0205,-.067,-7.16,+.000,-0528.37,+3.01,BAL2,05
0206,-.067,-7.21,+.000,-0528.43,+3.01,BAL2,05
0207,-.068,-7.29,+.000,-0528.50,+3.01,BAL2,05
0208,-.068,-7.38,+.000,-0528.60,+3.01,BAL2,05
0209,-.069,-7.48,+.000,-0528.70,+3.01,BAL2,05
0210,-.070,-7.57,+.000,-0528.79,+3.01,BAL2,05
0211,-.070,-7.67,+.000,-0528.89,+3.01,BAL2,05
0212,-.070,-7.75,+.000,-0528.97,+3.01,BAL2,05
0213,-.071,-7.81,+.000,-0529.03,+3.01,BAL2,05
0214,-.071,-7.91,+.000,-0529.13,+3.01,BAL2,05
0215,-.072,-8.00,+.000,-0529.21,+3.01,BAL2,05
0216,-.072,-8.08,+.000,-0529.29,+3.01,BAL2,05
0217,-.072,-8.16,+.000,-0529.38,+3.01,BAL2,05
0218,-.073,-8.22,+.000,-0529.44,+3.01,BAL2,05
0219,-.073,-8.32,+.000,-0529.54,+3.01,BAL2,05
0220,-.074,-8.42,+.000,-0529.63,+3.01,BAL2,05
0221,-.074,-8.47,+.000,-0529.68,+3.01,BAL2,05
0222,-.074,-8.54,+.000,-0529.75,+3.01,BAL2,05
0223,-.075,-8.63,+.000,-0529.84,+3.01,BAL2,05
0224,-.075,-8.72,+.000,-0529.94,+3.01,BAL2,05
0225,-.075,-8.80,+.000,-0530.01,+3.01,BAL2,05
0226,-.076,-8.86,+.000,-0530.08,+3.01,BAL2,05
0227,-.076,-8.96,+.000,-0530.18,+3.01,BAL2,05
0228,-.076,-9.04,+.000,-0530.26,+3.01,BAL2,05
0229,-.077,-9.11,+.000,-0530.33,+3.01,BAL2,05
0230,-.077,-9.21,+.000,-0530.42,+3.01,BAL2,05
0231,-.078,-9.29,+.000,-0530.51,+3.01,BAL2,05
0232,-.078,-9.36,+.000,-0530.58,+3.01,BAL2,05
0233,-.078,-9.45,+.000,-0530.67,+3.01,BAL2,05
0234,-.079,-9.57,+.000,-0530.79,+3.01,BAL2,05
0235,-.079,-9.67,+.000,-0530.89,+3.01,BAL2,05
0236,-.080,-9.75,+.000,-0530.97,+3.01,BAL2,05
0237,-.080,-9.84,+.000,-0531.06,+3.01,BAL2,05
0238,-.080,-9.92,+.000,-0531.13,+3.01,BAL2,05
0239,-.081,-9.98,+.000,-0531.19,+3.01,BAL2,05
0240,-.081,-10.0,+.000,-0531.27,+3.01,BAL2,05
0241,-.081,-10.1,+.000,-0531.40,+3.01,BAL2,05
0242,-.082,-10.2,+.000,-0531.51,+3.01,BAL2,05
0243,-.082,-10.3,+.000,-0531.56,+3.01,BAL2,05
0244,-.082,-10.4,+.000,-0531.64,+3.01,BAL2,05
0245,-.083,-10.5,+.000,-0531.73,+3.01,BAL2,05
0246,-.083,-10.5,+.000,-0531.77,+3.01,BAL2,05
0247,-.083,-10.6,+.000,-0531.87,+3.01,BAL2,05
0248,-.084,-10.7,+.000,-0531.96,+3.01,BAL2,05
0249,-.084,-10.7,+.000,-0532.00,+3.01,BAL2,05
0250,-.084,-10.8,+.000,-0532.10,+3.01,BAL2,05
0251,-.084,-10.9,+.000,-0532.17,+3.01,BAL2,05
0252,-.085,-11.0,+.000,-0532.26,+3.01,BAL2,05
0253,-.085,-11.1,+.000,-0532.38,+3.01,BAL2,05
0254,-.085,-11.2,+.000,-0532.45,+3.01,BAL2,05
0255,-.085,-11.3,+.000,-0532.51,+3.01,BAL2,05
0256,-.086,-11.3,+.000,-0532.56,+3.01,BAL2,05
0257,-.086,-11.3,+.000,-0532.61,+3.01,BAL2,05
0258,-.086,-11.4,+.000,-0532.71,+3.01,BAL2,05
0259,-.086,-11.5,+.000,-0532.80,+3.01,BAL2,05
0260,-.086,-11.6,+.000,-0532.86,+3.01,BAL2,05
0261,-.087,-11.7,+.000,-0532.93,+3.01,BAL2,05
0262,-.087,-11.8,+.000,-0533.04,+3.01,BAL2,05
0263,-.087,-11.9,+.000,-0533.14,+3.01,BAL2,05
0264,-.088,-12.0,+.000,-0533.21,+3.01,BAL2,05
0265,-.088,-12.0,+.000,-0533.27,+3.01,BAL2,05
0266,-.088,-12.1,+.000,-0533.33,+3.01,BAL2,05
0267,-.088,-12.1,+.000,-0533.40,+3.01,BAL2,05
0268,-.088,-12.2,+.000,-0533.49,+3.01,BAL2,05
0269,-.089,-12.3,+.000,-0533.57,+3.01,BAL2,05
0270,-.089,-12.4,+.000,-0533.63,+3.01,BAL2,05
0271,-.089,-12.4,+.000,-0533.71,+3.01,BAL2,05
0272,-.089,-12.6,+.000,-0533.82,+3.01,BAL2,05
0273,-.090,-12.6,+.000,-0533.88,+3.01,BAL2,05
0274,-.090,-12.7,+.000,-0533.94,+3.01,BAL2,05
0275,-.090,-12.8,+.000,-0534.04,+3.01,BAL2,05
0276,-.090,-12.9,+.000,-0534.14,+3.01,BAL2,05
0277,-.090,-12.9,+.000,-0534.20,+3.01,BAL2,05
0278,-.090,-13.0,+.000,-0534.25,+3.01,BAL2,05
0279,-.091,-13.1,+.000,-0534.33,+3.01,BAL2,05
0280,-.091,-13.2,+.000,-0534.43,+3.01,BAL2,05
0281,-.091,-13.3,+.000,-0534.53,+3.01,BAL2,05
0282,-.092,-13.4,+.000,-0534.62,+3.01,BAL2,05
0283,-.092,-13.5,+.000,-0534.71,+3.01,BAL2,05
0284,-.092,-13.5,+.000,-0534.80,+3.01,BAL2,05
0285,-.092,-13.6,+.000,-0534.87,+3.01,BAL2,05
0286,-.092,-13.7,+.000,-0534.92,+3.01,BAL2,05
0287,-.093,-13.7,+.000,-0534.97,+3.01,BAL2,05
0288,-.093,-13.8,+.000,-0535.06,+3.01,BAL2,05
0289,-.093,-13.9,+.000,-0535.15,+3.01,BAL2,05
0290,-.093,-14.0,+.000,-0535.23,+3.01,BAL2,05
0291,-.093,-14.0,+.000,-0535.30,+3.01,BAL2,05
0292,-.094,-14.1,+.000,-0535.38,+3.01,BAL2,05
0293,-.094,-14.2,+.000,-0535.47,+3.01,BAL2,05
0294,-.094,-14.3,+.000,-0535.52,+3.01,BAL2,05
0295,-.094,-14.3,+.000,-0535.59,+3.01,BAL2,05
0296,-.094,-14.4,+.000,-0535.71,+3.01,BAL2,05
0297,-.095,-14.5,+.000,-0535.78,+3.01,BAL2,05
0298,-.095,-14.6,+.000,-0535.85,+3.01,BAL2,05
0299,-.095,-14.7,+.000,-0535.95,+3.01,BAL2,05
0300,-.095,-14.8,+.000,-0536.04,+3.01,BAL2,05
0001,-.140,-.072,+.000,-0536.11,+3.01,DET ,05
0002,-.134,-.139,+.000,-0536.17,+3.01,DET ,05
0003,-.123,-.190,+.000,-0536.23,+3.01,DET ,05
0004,-.129,-.266,+.000,-0536.30,+3.01,DET ,05
0005,-.141,-.363,+.000,-0536.40,+3.01,DET ,05
0006,-.144,-.445,+.000,-0536.48,+3.01,DET ,05
0007,-.137,-.497,+.000,-0536.53,+3.01,DET ,05
0008,-.142,-.586,+.000,-0536.62,+3.01,DET ,05
0009,-.148,-.689,+.000,-0536.73,+3.01,DET ,05
0010,-.144,-.745,+.000,-0536.78,+3.01,DET ,05
0011,-.143,-.814,+.000,-0536.85,+3.01,DET ,05
0012,-.145,-.900,+.000,-0536.94,+3.01,DET ,05
0013,-.144,-.969,+.000,-0537.01,+3.01,DET ,05
0014,-.140,-1.01,+.000,-0537.05,+3.01,DET ,05
0015,-.142,-1.10,+.000,-0537.14,+3.01,DET ,05
0016,-.145,-1.20,+.000,-0537.24,+3.01,DET ,05
0017,-.141,-1.24,+.000,-0537.28,+3.01,DET ,05
0018,-.142,-1.32,+.000,-0537.36,+3.01,DET ,05
0019,-.144,-1.41,+.000,-0537.45,+3.01,DET ,05
0020,-.140,-1.44,+.000,-0537.48,+3.01,DET ,05
0021,-.139,-1.50,+.000,-0537.54,+3.01,DET ,05
0022,-.141,-1.60,+.000,-0537.64,+3.01,DET ,05
0023,-.139,-1.65,+.000,-0537.69,+3.01,DET ,05
0024,-.138,-1.71,+.000,-0537.75,+3.01,DET ,05
0025,-.139,-1.79,+.000,-0537.83,+3.01,DET ,05
0026,-.137,-1.84,+.000,-0537.88,+3.01,DET ,05
0027,-.138,-1.92,+.000,-0537.96,+3.01,DET ,05
0028,-.138,-2.00,+.000,-0538.04,+3.01,DET ,05
0029,-.138,-2.07,+.000,-0538.11,+3.01,DET ,05
0030,-.137,-2.12,+.000,-0538.16,+3.01,DET ,05
0031,-.136,-2.18,+.000,-0538.22,+3.01,DET ,05
0032,-.135,-2.23,+.000,-0538.27,+3.01,DET ,05
0033,-.133,-2.26,+.000,-0538.30,+3.01,DET ,05
0034,-.135,-2.37,+.000,-0538.41,+3.01,DET ,05
0035,-.137,-2.47,+.000,-0538.51,+3.01,DET ,05
0036,-.137,-2.55,+.000,-0538.59,+3.01,DET ,05
0037,-.136,-2.60,+.000,-0538.65,+3.01,DET ,05
0038,-.136,-2.66,+.000,-0538.70,+3.01,DET ,05
0039,-.135,-2.72,+.000,-0538.76,+3.01,DET ,05
0040,-.135,-2.79,+.000,-0538.83,+3.01,DET ,05
0041,-.136,-2.88,+.000,-0538.92,+3.01,DET ,05
0042,-.136,-2.96,+.000,-0539.00,+3.01,DET ,05
0043,-.136,-3.02,+.000,-0539.06,+3.01,DET ,05
0044,-.135,-3.07,+.000,-0539.11,+3.01,DET ,05
0045,-.134,-3.11,+.000,-0539.15,+3.01,DET ,05
0046,-.133,-3.17,+.000,-0539.21,+3.01,DET ,05
0047,-.134,-3.26,+.000,-0539.30,+3.01,DET ,05
0048,-.134,-3.33,+.000,-0539.37,+3.01,DET ,05
0049,-.134,-3.40,+.000,-0539.44,+3.01,DET ,05
0050,-.134,-3.47,+.000,-0539.51,+3.01,DET ,05
0051,-.134,-3.54,+.000,-0539.58,+3.01,DET ,05
0052,-.134,-3.61,+.000,-0539.65,+3.01,DET ,05
0053,-.134,-3.67,+.000,-0539.71,+3.01,DET ,05
0054,-.134,-3.74,+.000,-0539.78,+3.01,DET ,05
0055,-.134,-3.80,+.000,-0539.84,+3.01,DET ,05
0056,-.133,-3.84,+.000,-0539.88,+3.01,DET ,05
0057,-.133,-3.92,+.000,-0539.96,+3.01,DET ,05
0058,-.133,-3.99,+.000,-0540.03,+3.01,DET ,05
0059,-.132,-4.04,+.000,-0540.08,+3.01,DET ,05
0060,-.132,-4.09,+.000,-0540.13,+3.01,DET ,05
0061,-.132,-4.16,+.000,-0540.20,+3.01,DET ,05
0062,-.133,-4.26,+.000,-0540.30,+3.01,DET ,05
0063,-.134,-4.35,+.000,-0540.39,+3.01,DET ,05
0064,-.133,-4.41,+.000,-0540.45,+3.01,DET ,05
0065,-.133,-4.47,+.000,-0540.51,+3.01,DET ,05
0066,-.133,-4.54,+.000,-0540.58,+3.01,DET ,05
0067,-.133,-4.62,+.000,-0540.66,+3.01,DET ,05
0068,-.134,-4.70,+.000,-0540.74,+3.01,DET ,05
0069,-.134,-4.78,+.000,-0540.82,+3.01,DET ,05
0070,-.134,-4.85,+.000,-0540.89,+3.01,DET ,05
0071,-.134,-4.91,+.000,-0540.95,+3.01,DET ,05
0072,-.133,-4.96,+.000,-0541.00,+3.01,DET ,05
0073,-.134,-5.04,+.000,-0541.08,+3.01,DET ,05
0074,-.134,-5.12,+.000,-0541.16,+3.01,DET ,05
0075,-.135,-5.24,+.000,-0541.28,+3.01,DET ,05
0076,-.135,-5.31,+.000,-0541.35,+3.01,DET ,05
0077,-.134,-5.34,+.000,-0541.38,+3.01,DET ,05
0078,-.135,-5.43,+.000,-0541.47,+3.01,DET ,05
0079,-.135,-5.51,+.000,-0541.55,+3.01,DET ,05
0080,-.135,-5.57,+.000,-0541.61,+3.01,DET ,05
0081,-.135,-5.63,+.000,-0541.67,+3.01,DET ,05
0082,-.135,-5.71,+.000,-0541.75,+3.01,DET ,05
0083,-.135,-5.78,+.000,-0541.82,+3.01,DET ,05
0084,-.135,-5.86,+.000,-0541.90,+3.01,DET ,05
0085,-.135,-5.92,+.000,-0541.96,+3.01,DET ,05
0086,-.135,-6.00,+.000,-0542.05,+3.01,DET ,05
0087,-.135,-6.08,+.000,-0542.12,+3.01,DET ,05
0088,-.135,-6.14,+.000,-0542.18,+3.01,DET ,05
0089,-.135,-6.21,+.000,-0542.25,+3.01,DET ,05
0090,-.135,-6.27,+.000,-0542.31,+3.01,DET ,05
0091,-.135,-6.33,+.000,-0542.38,+3.01,DET ,05
0092,-.135,-6.42,+.000,-0542.46,+3.01,DET ,05
0093,-.135,-6.51,+.000,-0542.55,+3.01,DET ,05
0094,-.135,-6.57,+.000,-0542.61,+3.01,DET ,05
0095,-.135,-6.64,+.000,-0542.68,+3.01,DET ,05
0096,-.135,-6.72,+.000,-0542.76,+3.01,DET ,05
0097,-.134,-6.74,+.000,-0542.78,+3.01,DET ,05
0098,-.134,-6.77,+.000,-0542.81,+3.01,DET ,05
0099,-.133,-6.83,+.000,-0542.87,+3.01,DET ,05
0100,-.134,-6.92,+.000,-0542.96,+3.01,DET ,05
0001,-.134,-6.92,+.000,-0308.42,+3.01,BLW ,05
0002,-.134,-6.92,+.000,+0784.19,+3.01,BLW ,05
0003,-.134,-6.92,+.000,+1642.22,+3.01,BLW ,05
0004,-.134,-6.92,+.000,+1642.22,+3.01,BLW ,05
0005,-.134,-6.92,+.000,+1642.22,+3.01,BLW ,05
0001,-.134,-6.92,+.000,+1642.22,+3.01,END ,05
0002,-.134,-6.92,+.000,+0832.18,+3.01,END ,05
0003,-.134,-6.92,+.000,+0011.15,+3.01,END ,05
0004,-.134,-6.92,+.000,-0000.47,+3.01,END ,05
0005,-.134,-6.92,+.000,-0001.41,+3.01,END ,05



CH#00  ----------
CH#01  ELECTRONIC:3000W
CH#02  COOLANT AREA:3000W
CH#03  ELECTRONIC:7.4KW
CH#04  COOLANT AREA:7.4KW
CH#05  5DH_COOL
CH#06  5DH_ELEC
CH#07  PAG_PV
CH#08  AUDI_PV
CH#09  GEN2_ELEC
CH#10  GEN2_COOL
CH#11  GEN2_COOL_H74
CH#12  PV73-1P
CH#13  PV57-65
CH#14  REF.PL57/65
CH#15  REF.PL73/1P
CH#16  PL73-1P_K_11
CH#17  PL57/95_K_11
CH#18  PL73-1P_DES
CH#19  PL57/65_DES
CH#20  PL73-1P_DES2
CH#21  PL57/65_DES2
CH#22  NEW.PL57/65
CH#23  NEW.PL73-1P
CH#24  PV2017 PL57/65
CH#25  PV2017 PL73-1P PAG
CH#26  PV2017 PL57/65 NON
CH#27  PV2017 PL73-1P NON
CH#28  GEN4_11KW_ELEC
CH#29  GEN4_11KW_COOLING
CH#30  GEN4_3.7KW_ELEC
CH#31  GEN4_3.7KW_COOLING

